1.18541 1.246
1.34746 1.06094
1.33411 1.12039
1.31941 1.1036
1.30262 1.0811
1.36353 1.14803
2.57272 1.67674
2.58117 1.69094
2.57565 1.69094
2.56294 1.69035
2.56078 1.69494
2.56949 1.70223
2.5681 1.70166
2.55821 1.69215
2.55807 1.6924
2.56669 1.69945
2.5671 1.69857
2.56787 1.69931
2.57656 1.70497
2.57495 1.70435
2.57686 1.71124
2.57064 1.7064
2.57053 1.70895
2.541 1.72303
2.63224 0.691925
2.72016 0.673916
2.61485 0.6354
2.63141 0.606977
2.52995 0.569182
2.54377 0.543212
2.5244 0.511533
2.511 0.484373
3.05954 -0.0458165
3.1057 -0.0410866
3.08824 -0.0336645
3.12814 -0.0106418
3.14568 -0.00457828
3.16479 0.0131276
3.06584 0.10596
3.18924 0.0996405
3.09376 0.140354
3.10504 0.155964
3.19105 0.174758
3.22007 0.210072
3.15945 0.21493
3.20048 0.216899
3.19264 0.232788
3.43062 0.421545
3.28007 1.1806
3.25966 1.24
3.27706 1.26699
3.21651 1.2823
3.11587 1.29354
3.16553 1.28973
3.01545 1.29766
3.00121 1.30218
2.9895 1.31288
3.01093 1.32088
2.97369 1.33236
2.98061 1.33944
3.09511 1.33542
3.08472 1.34433
3.05346 1.3567
3.01083 1.36814
3.0103 1.37514
3.01802 1.3791
2.99437 1.38888
2.98314 1.39612
2.96625 1.39938
2.95296 1.40569
2.93208 1.41532
2.91054 1.42657
2.88699 1.43793
2.84935 1.4223
2.83432 1.47063
2.80717 1.48289
2.47783 1.47575
2.4165 1.45198
2.33179 1.43758
2.29244 1.41752
2.24733 1.39856
2.17515 1.38736
2.13289 1.3701
2.08142 1.35327
2.00429 1.31162
1.99022 1.32579
1.93372 1.30726
1.89439 1.31552
1.87218 1.30134
1.82306 1.30407
2.46145 -0.0268076
2.45097 -0.0146687
2.43709 -0.00375333
2.42751 0.0111017
2.53833 -0.0587104
2.50616 -0.00334749
2.48117 0.0232983
2.45602 -0.0337248
2.43651 -0.0477592
2.71896 0.0436025
2.99091 0.66615
2.78601 0.451277
2.08251 -0.015346
2.08033 0.579198
2.02753 0.696186
1.96588 0.793524
3.17071 1.45265
3.15116 1.10575
3.07906 1.01528
3.06669 0.929424
3.04863 0.89161
1.77218 0.406015
1.78936 0.510894
1.78794 0.615459
1.76299 0.715363
1.73811 0.816058
1.69529 0.893975
1.6554 0.90898
2.69758 1.62027
2.69603 1.61895
2.82004 1.60509
2.83514 1.57962
2.84933 1.49238
2.83877 1.41128
2.81066 1.33896
2.80535 1.25244
2.78078 1.26782
2.77191 1.24232
2.69314 0.978418
2.64266 0.95861
2.5828 0.960543
2.50959 0.973198
2.47787 0.959867
2.4309 0.959134
2.4006 0.943752
2.36369 0.9318
2.33405 0.919302
2.3046 0.901753
2.25299 0.900124
2.20559 0.89541
2.15723 0.889255
1.55434 0.774337
1.56554 0.826699
1.55431 0.893016
1.54716 0.927031
1.54552 0.938636
1.53735 0.945409
1.54526 0.962461
1.55545 0.9829
2.28972 1.12616
2.32249 1.13497
2.36655 1.10401
2.29335 1.15751
2.29852 1.16718
2.25598 1.18501
2.29669 1.16633
2.24814 1.18637
2.27109 1.16693
2.22985 1.17623
2.22372 1.16907
2.20781 1.16161
2.1293 1.12494
2.08446 1.10157
2.07546 1.10274
0.398538 0.214354
0.27624 0.19507
0.222288 0.177553
0.164628 0.159031
0.089409 0.100745
0.0345178 0.102862
0.0496438 0.4182
0.0555756 0.376705
0.0691182 0.311262
0.0830058 0.282338
0.0828187 0.24996
0.0849299 0.215579
0.094382 0.175112
0.0866192 0.126188
0.0701432 0.0800729
0.0552807 0.0509125
0.0688491 0.0625656
0.0843732 0.101924
0.0984279 0.140331
0.122215 0.177713
0.131599 0.213281
0.137316 0.246303
0.152083 0.282446
0.158464 0.314969
0.152069 0.34119
0.166988 0.377109
0.16723 0.405853
0.160618 0.407551
0.173933 0.387594
0.167121 0.352237
0.15996 0.320556
0.153491 0.284642
0.138293 0.249757
0.128267 0.215971
0.106773 0.181786
0.0983038 0.143456
0.0831517 0.104453
0.0594076 0.0697855
0.0140061 0.0741078
-0.0298223 0.352112
0.00158343 0.346204
0.0138073 0.320133
0.0214693 0.285191
0.0305424 0.258959
0.0294312 0.22076
0.030086 0.189396
0.0402593 0.1553
0.0332363 0.116604
0.0264309 0.0910273
0.017595 0.0564437
0.0137561 0.0569208
0.0347887 0.171604
0.025105 0.241973
0.00658122 0.310563
-0.0114603 0.367232
0.00787604 0.425947
-0.0355896 0.357145
0.0128964 0.33491
0.0319928 0.263547
0.0512378 0.190495
0.0268688 0.141549
0.00216585 0.12127
-0.0222333 0.110367
-0.0368264 0.0967582
-0.0458554 0.0770949
0.090263 -0.179604
0.0906719 -0.157599
-0.0360493 -0.17377
-0.0489603 -0.190732
-0.0720927 -0.162282
-0.0889635 -0.181179
-0.255687 0.00904532
-0.241341 0.0109657
-0.24114 -0.00122568
-0.240511 -0.0142686
-0.236913 -0.0354721
-0.230969 -0.0561633
-0.232645 -0.083473
-0.233306 -0.108045
-0.233922 -0.115682
-0.233197 -0.0781892
-0.240281 -0.0181301
-0.240777 0.0106564
-0.143947 0.101906
-0.138623 0.0951723
-0.130531 0.0623741
-0.119923 0.0365237
-0.111652 0.0051514
-0.113415 -0.0327892
-0.117284 -0.0593312
-0.117982 -0.0874837
-0.127343 -0.113849
-0.169223 -0.100688
-0.141257 -0.151102
-0.192098 0.101022
-0.138892 0.0913191
-0.133863 0.0494451
-0.134793 0.0443233
-0.135283 0.0442582
-0.133594 0.0448744
-0.148116 0.0815219
-0.19496 0.1215
0.254948 -0.154717
-0.00612301 -0.312211
0.224914 0.0222361
0.238484 0.00744802
0.292551 0.0169713
0.352409 -0.318487
0.32641 -0.368283
0.140935 -0.400367
0.189353 -0.432832
0.210898 -0.472412
0.313093 -0.572906
0.245367 -0.58387
0.230597 -0.623443
0.178894 0.0113963
0.286893 -0.217045
0.287074 -0.25641
0.253152 -0.315934
0.175151 -0.361778
0.254291 -0.393817
0.19196 -0.421929
0.260546 -0.502856
0.204789 -0.529229
0.19795 -0.559569
0.15063 -0.58757
0.146882 -0.379411
0.251213 -0.300504
0.0340417 -0.249417
0.298442 -0.21081
0.196379 -0.281152
0.145163 -0.320024
0.129277 -0.346646
0.0747302 -0.374568
0.0623865 -0.397661
0.173524 -0.43105
0.147643 -0.455731
0.177151 -0.498672
0.163674 -0.532921
0.135966 -0.561271
0.129248 -0.606154
